trial_id,passenger_id,entry_time_min,seat,group,baggage,interarrival_time_min
20250506_205216,1,54.43,"(3, 0)",16,10.0,0.00
20250506_205216,2,52.73,"(3, 1)",16,6.0,-1.70
20250506_205216,3,53.47,"(3, 2)",16,8.0,0.73
20250506_205216,4,51.28,"(3, 4)",16,10.0,-2.18
20250506_205216,5,50.45,"(3, 5)",16,8.0,-0.83
20250506_205216,6,52.07,"(3, 6)",16,4.0,1.62
20250506_205216,7,49.42,"(4, 0)",15,5.0,-2.65
20250506_205216,8,48.37,"(4, 1)",15,7.0,-1.05
20250506_205216,9,47.10,"(4, 2)",15,5.0,-1.27
20250506_205216,10,49.90,"(4, 4)",15,7.0,2.80
20250506_205216,11,46.67,"(4, 5)",15,5.0,-3.23
20250506_205216,12,47.78,"(4, 6)",15,8.0,1.12
20250506_205216,13,44.57,"(5, 0)",14,5.0,-3.22
20250506_205216,14,45.37,"(5, 1)",14,10.0,0.80
20250506_205216,15,42.33,"(5, 2)",14,7.0,-3.03
20250506_205216,16,46.02,"(5, 4)",14,4.0,3.68
20250506_205216,17,43.87,"(5, 5)",14,7.0,-2.15
20250506_205216,18,43.15,"(5, 6)",14,4.0,-0.72
20250506_205216,19,40.25,"(6, 0)",13,8.0,-2.90
20250506_205216,20,38.92,"(6, 1)",13,7.0,-1.33
20250506_205216,21,41.50,"(6, 2)",13,5.0,2.58
20250506_205216,22,41.00,"(6, 4)",13,6.0,-0.50
20250506_205216,23,38.23,"(6, 5)",13,9.0,-2.77
20250506_205216,24,39.65,"(6, 6)",13,6.0,1.42
20250506_205216,25,36.70,"(7, 0)",12,4.0,-2.95
20250506_205216,26,37.85,"(7, 1)",12,5.0,1.15
20250506_205216,27,35.27,"(7, 2)",12,6.0,-2.58
20250506_205216,28,34.43,"(7, 4)",12,8.0,-0.83
20250506_205216,29,37.17,"(7, 5)",12,7.0,2.73
20250506_205216,30,36.27,"(7, 6)",12,7.0,-0.90
20250506_205216,31,32.12,"(8, 0)",11,3.0,-4.15
20250506_205216,32,33.75,"(8, 1)",11,7.0,1.63
20250506_205216,33,31.20,"(8, 2)",11,7.0,-2.55
20250506_205216,34,33.02,"(8, 4)",11,6.0,1.82
20250506_205216,35,29.78,"(8, 5)",11,2.0,-3.23
20250506_205216,36,30.42,"(8, 6)",11,4.0,0.63
20250506_205216,37,26.97,"(9, 0)",10,8.0,-3.45
20250506_205216,38,28.57,"(9, 1)",10,9.0,1.60
20250506_205216,39,27.45,"(9, 2)",10,7.0,-1.12
20250506_205216,40,26.45,"(9, 4)",10,10.0,-1.00
20250506_205216,41,29.38,"(9, 5)",10,5.0,2.93
20250506_205216,42,27.68,"(9, 6)",10,8.0,-1.70
20250506_205216,43,24.42,"(10, 0)",9,7.0,-3.27
20250506_205216,44,22.55,"(10, 1)",9,9.0,-1.87
20250506_205216,45,25.80,"(10, 2)",9,4.0,3.25
20250506_205216,46,23.92,"(10, 4)",9,6.0,-1.88
20250506_205216,47,23.28,"(10, 5)",9,4.0,-0.63
20250506_205216,48,25.02,"(10, 6)",9,8.0,1.73
20250506_205216,49,21.55,"(11, 0)",8,7.0,-3.47
20250506_205216,50,17.98,"(11, 1)",8,7.0,-3.57
20250506_205216,51,20.08,"(11, 2)",8,2.0,2.10
20250506_205216,52,20.77,"(11, 4)",8,8.0,0.68
20250506_205216,53,19.62,"(11, 5)",8,5.0,-1.15
20250506_205216,54,18.87,"(11, 6)",8,5.0,-0.75
20250506_205216,55,17.23,"(12, 0)",7,6.0,-1.63
20250506_205216,56,16.77,"(12, 1)",7,6.0,-0.47
20250506_205216,57,16.12,"(12, 2)",7,6.0,-0.65
20250506_205216,58,14.62,"(12, 4)",7,6.0,-1.50
20250506_205216,59,13.78,"(12, 5)",7,8.0,-0.83
20250506_205216,60,15.63,"(12, 6)",7,4.0,1.85
20250506_205216,61,9.95,"(13, 0)",6,4.0,-5.68
20250506_205216,62,9.37,"(13, 1)",6,7.0,-0.58
20250506_205216,63,13.23,"(13, 2)",6,2.0,3.87
20250506_205216,64,10.65,"(13, 4)",6,7.0,-2.58
20250506_205216,65,11.68,"(13, 5)",6,7.0,1.03
20250506_205216,66,12.33,"(13, 6)",6,9.0,0.65
20250506_205216,67,8.60,"(14, 0)",5,6.0,-3.73
20250506_205216,68,4.70,"(14, 1)",5,5.0,-3.90
20250506_205216,69,7.87,"(14, 2)",5,8.0,3.17
20250506_205216,70,6.40,"(14, 4)",5,4.0,-1.47
20250506_205216,71,5.50,"(14, 5)",5,7.0,-0.90
20250506_205216,72,7.13,"(14, 6)",5,7.0,1.63
20250506_205216,73,1.38,"(15, 0)",4,10.0,-5.75
20250506_205216,74,3.95,"(15, 1)",4,6.0,2.57
20250506_205216,75,3.13,"(15, 2)",4,10.0,-0.82
20250506_205216,76,1.95,"(15, 4)",4,5.0,-1.18
20250506_205216,77,1.30,"(15, 5)",4,7.0,-0.65
20250506_205216,78,2.58,"(15, 6)",4,8.0,1.28
20250506_205216,79,0.98,"(16, 0)",3,5.0,-1.60
20250506_205216,80,1.22,"(16, 1)",3,7.0,0.23
20250506_205216,81,0.90,"(16, 2)",3,8.0,-0.32
20250506_205216,82,0.82,"(16, 4)",3,8.0,-0.08
20250506_205216,83,1.05,"(16, 5)",3,6.0,0.23
20250506_205216,84,1.13,"(16, 6)",3,9.0,0.08
20250506_205216,85,0.43,"(17, 0)",2,8.0,-0.70
20250506_205216,86,0.37,"(17, 1)",2,7.0,-0.07
20250506_205216,87,0.57,"(17, 2)",2,8.0,0.20
20250506_205216,88,0.73,"(17, 4)",2,4.0,0.17
20250506_205216,89,0.65,"(17, 5)",2,7.0,-0.08
20250506_205216,90,0.50,"(17, 6)",2,10.0,-0.15
20250506_205216,91,0.00,"(18, 0)",1,5.0,-0.50
20250506_205216,92,0.13,"(18, 1)",1,6.0,0.00
20250506_205216,93,0.33,"(18, 2)",1,5.0,0.20
20250506_205216,94,0.27,"(18, 4)",1,8.0,-0.07
20250506_205216,95,0.07,"(18, 5)",1,9.0,-0.20
20250506_205216,96,0.20,"(18, 6)",1,5.0,0.13
20250506_205404,1,53.43,"(3, 0)",16,8.0,0.00
20250506_205404,2,54.82,"(3, 1)",16,12.0,1.38
20250506_205404,3,55.65,"(3, 2)",16,6.0,0.83
20250506_205404,4,53.93,"(3, 4)",16,7.0,-1.72
20250506_205404,5,56.38,"(3, 5)",16,10.0,2.45
20250506_205404,6,52.52,"(3, 6)",16,8.0,-3.87
20250506_205404,7,49.12,"(4, 0)",15,9.0,-3.40
20250506_205404,8,48.20,"(4, 1)",15,5.0,-0.92
20250506_205404,9,48.85,"(4, 2)",15,9.0,0.65
20250506_205404,10,51.63,"(4, 4)",15,11.0,2.78
20250506_205404,11,50.23,"(4, 5)",15,4.0,-1.40
20250506_205404,12,51.10,"(4, 6)",15,8.0,0.87
20250506_205404,13,43.95,"(5, 0)",14,7.0,-7.15
20250506_205404,14,47.55,"(5, 1)",14,7.0,3.60
20250506_205404,15,45.03,"(5, 2)",14,2.0,-2.52
20250506_205404,16,44.52,"(5, 4)",14,7.0,-0.52
20250506_205404,17,46.00,"(5, 5)",14,11.0,1.48
20250506_205404,18,46.85,"(5, 6)",14,7.0,0.85
20250506_205404,19,41.15,"(6, 0)",13,10.0,-5.70
20250506_205404,20,42.47,"(6, 1)",13,5.0,1.32
20250506_205404,21,39.63,"(6, 2)",13,6.0,-2.83
20250506_205404,22,41.87,"(6, 4)",13,9.0,2.23
20250506_205404,23,40.35,"(6, 5)",13,5.0,-1.52
20250506_205404,24,43.27,"(6, 6)",13,6.0,2.92
20250506_205404,25,36.52,"(7, 0)",12,6.0,-6.75
20250506_205404,26,38.88,"(7, 1)",12,7.0,2.37
20250506_205404,27,37.93,"(7, 2)",12,6.0,-0.95
20250506_205404,28,34.97,"(7, 4)",12,7.0,-2.97
20250506_205404,29,37.33,"(7, 5)",12,8.0,2.37
20250506_205404,30,35.77,"(7, 6)",12,7.0,-1.57
20250506_205404,31,32.90,"(8, 0)",11,7.0,-2.87
20250506_205404,32,31.90,"(8, 1)",11,9.0,-1.00
20250506_205404,33,30.52,"(8, 2)",11,9.0,-1.38
20250506_205404,34,33.30,"(8, 4)",11,6.0,2.78
20250506_205404,35,31.20,"(8, 5)",11,6.0,-2.10
20250506_205404,36,34.15,"(8, 6)",11,9.0,2.95
20250506_205404,37,28.85,"(9, 0)",10,6.0,-5.30
20250506_205404,38,26.25,"(9, 1)",10,4.0,-2.60
20250506_205404,39,27.70,"(9, 2)",10,8.0,1.45
20250506_205404,40,29.75,"(9, 4)",10,7.0,2.05
20250506_205404,41,27.08,"(9, 5)",10,9.0,-2.67
20250506_205404,42,26.73,"(9, 6)",10,9.0,-0.35
20250506_205404,43,24.95,"(10, 0)",9,9.0,-1.78
20250506_205404,44,24.38,"(10, 1)",9,6.0,-0.57
20250506_205404,45,22.18,"(10, 2)",9,10.0,-2.20
20250506_205404,46,25.60,"(10, 4)",9,5.0,3.42
20250506_205404,47,23.78,"(10, 5)",9,7.0,-1.82
20250506_205404,48,22.98,"(10, 6)",9,8.0,-0.80
20250506_205404,49,21.53,"(11, 0)",8,7.0,-1.45
20250506_205404,50,17.72,"(11, 1)",8,7.0,-3.82
20250506_205404,51,19.27,"(11, 2)",8,3.0,1.55
20250506_205404,52,18.37,"(11, 4)",8,5.0,-0.90
20250506_205404,53,20.17,"(11, 5)",8,5.0,1.80
20250506_205404,54,20.57,"(11, 6)",8,10.0,0.40
20250506_205404,55,13.97,"(12, 0)",7,8.0,-6.60
20250506_205404,56,13.33,"(12, 1)",7,6.0,-0.63
20250506_205404,57,16.90,"(12, 2)",7,8.0,3.57
20250506_205404,58,16.25,"(12, 4)",7,6.0,-0.65
20250506_205404,59,15.57,"(12, 5)",7,6.0,-0.68
20250506_205404,60,14.92,"(12, 6)",7,6.0,-0.65
20250506_205404,61,11.93,"(13, 0)",6,4.0,-2.98
20250506_205404,62,9.18,"(13, 1)",6,10.0,-2.75
20250506_205404,63,10.08,"(13, 2)",6,10.0,0.90
20250506_205404,64,11.53,"(13, 4)",6,10.0,1.45
20250506_205404,65,10.65,"(13, 5)",6,4.0,-0.88
20250506_205404,66,12.62,"(13, 6)",6,9.0,1.97
20250506_205404,67,5.88,"(14, 0)",5,7.0,-6.73
20250506_205404,68,6.60,"(14, 1)",5,7.0,0.72
20250506_205404,69,7.48,"(14, 2)",5,9.0,0.88
20250506_205404,70,8.92,"(14, 4)",5,7.0,1.43
20250506_205404,71,8.17,"(14, 5)",5,6.0,-0.75
20250506_205404,72,5.23,"(14, 6)",5,7.0,-2.93
20250506_205404,73,1.55,"(15, 0)",4,7.0,-3.68
20250506_205404,74,4.53,"(15, 1)",4,4.0,2.98
20250506_205404,75,3.18,"(15, 2)",4,6.0,-1.35
20250506_205404,76,1.47,"(15, 4)",4,4.0,-1.72
20250506_205404,77,2.45,"(15, 5)",4,7.0,0.98
20250506_205404,78,3.87,"(15, 6)",4,8.0,1.42
20250506_205404,79,1.40,"(16, 0)",3,4.0,-2.47
20250506_205404,80,0.98,"(16, 1)",3,7.0,-0.42
20250506_205404,81,1.32,"(16, 2)",3,8.0,0.33
20250506_205404,82,1.23,"(16, 4)",3,6.0,-0.08
20250506_205404,83,1.15,"(16, 5)",3,10.0,-0.08
20250506_205404,84,1.07,"(16, 6)",3,2.0,-0.08
20250506_205404,85,0.50,"(17, 0)",2,7.0,-0.57
20250506_205404,86,0.90,"(17, 1)",2,11.0,0.40
20250506_205404,87,0.65,"(17, 2)",2,7.0,-0.25
20250506_205404,88,0.82,"(17, 4)",2,6.0,0.17
20250506_205404,89,0.57,"(17, 5)",2,7.0,-0.25
20250506_205404,90,0.73,"(17, 6)",2,9.0,0.17
20250506_205404,91,0.00,"(18, 0)",1,10.0,-0.73
20250506_205404,92,0.33,"(18, 1)",1,5.0,0.00
20250506_205404,93,0.23,"(18, 2)",1,7.0,-0.10
20250506_205404,94,0.17,"(18, 4)",1,8.0,-0.07
20250506_205404,95,0.43,"(18, 5)",1,9.0,0.27
20250506_205404,96,0.07,"(18, 6)",1,10.0,-0.37
20250506_211338,1,55.27,"(3, 0)",16,7.0,0.00
20250506_211338,2,54.45,"(3, 1)",16,6.0,-0.82
20250506_211338,3,52.87,"(3, 2)",16,6.0,-1.58
20250506_211338,4,53.77,"(3, 4)",16,12.0,0.90
20250506_211338,5,55.83,"(3, 5)",16,9.0,2.07
20250506_211338,6,51.98,"(3, 6)",16,9.0,-3.85
20250506_211338,7,47.82,"(4, 0)",15,6.0,-4.17
20250506_211338,8,49.08,"(4, 1)",15,9.0,1.27
20250506_211338,9,48.42,"(4, 2)",15,9.0,-0.67
20250506_211338,10,50.57,"(4, 4)",15,6.0,2.15
20250506_211338,11,51.13,"(4, 5)",15,5.0,0.57
20250506_211338,12,49.88,"(4, 6)",15,10.0,-1.25
20250506_211338,13,43.48,"(5, 0)",14,4.0,-6.40
20250506_211338,14,47.32,"(5, 1)",14,7.0,3.83
20250506_211338,15,46.08,"(5, 2)",14,6.0,-1.23
20250506_211338,16,44.15,"(5, 4)",14,6.0,-1.93
20250506_211338,17,45.53,"(5, 5)",14,8.0,1.38
20250506_211338,18,44.72,"(5, 6)",14,6.0,-0.82
20250506_211338,19,42.53,"(6, 0)",13,7.0,-2.18
20250506_211338,20,39.12,"(6, 1)",13,6.0,-3.42
20250506_211338,21,39.85,"(6, 2)",13,6.0,0.73
20250506_211338,22,40.98,"(6, 4)",13,5.0,1.13
20250506_211338,23,40.58,"(6, 5)",13,9.0,-0.40
20250506_211338,24,41.67,"(6, 6)",13,11.0,1.08
20250506_211338,25,34.47,"(7, 0)",12,8.0,-7.20
20250506_211338,26,38.53,"(7, 1)",12,9.0,4.07
20250506_211338,27,35.23,"(7, 2)",12,4.0,-3.30
20250506_211338,28,36.18,"(7, 4)",12,7.0,0.95
20250506_211338,29,36.83,"(7, 5)",12,8.0,0.65
20250506_211338,30,37.48,"(7, 6)",12,8.0,0.65
20250506_211338,31,31.18,"(8, 0)",11,7.0,-6.30
20250506_211338,32,33.37,"(8, 1)",11,7.0,2.18
20250506_211338,33,33.92,"(8, 2)",11,7.0,0.55
20250506_211338,34,31.73,"(8, 4)",11,11.0,-2.18
20250506_211338,35,30.53,"(8, 5)",11,7.0,-1.20
20250506_211338,36,32.55,"(8, 6)",11,5.0,2.02
20250506_211338,37,29.72,"(9, 0)",10,8.0,-2.83
20250506_211338,38,28.90,"(9, 1)",10,8.0,-0.82
20250506_211338,39,26.70,"(9, 2)",10,5.0,-2.20
20250506_211338,40,28.05,"(9, 4)",10,8.0,1.35
20250506_211338,41,26.38,"(9, 5)",10,9.0,-1.67
20250506_211338,42,27.42,"(9, 6)",10,5.0,1.03
20250506_211338,43,24.58,"(10, 0)",9,6.0,-2.83
20250506_211338,44,21.67,"(10, 1)",9,9.0,-2.92
20250506_211338,45,22.57,"(10, 2)",9,9.0,0.90
20250506_211338,46,24.12,"(10, 4)",9,5.0,1.55
20250506_211338,47,23.38,"(10, 5)",9,7.0,-0.73
20250506_211338,48,25.48,"(10, 6)",9,7.0,2.10
20250506_211338,49,19.75,"(11, 0)",8,6.0,-5.73
20250506_211338,50,18.62,"(11, 1)",8,3.0,-1.13
20250506_211338,51,20.67,"(11, 2)",8,8.0,2.05
20250506_211338,52,19.22,"(11, 4)",8,7.0,-1.45
20250506_211338,53,21.02,"(11, 5)",8,8.0,1.80
20250506_211338,54,17.75,"(11, 6)",8,10.0,-3.27
20250506_211338,55,16.72,"(12, 0)",7,8.0,-1.03
20250506_211338,56,13.90,"(12, 1)",7,9.0,-2.82
20250506_211338,57,14.57,"(12, 2)",7,8.0,0.67
20250506_211338,58,15.38,"(12, 4)",7,4.0,0.82
20250506_211338,59,12.88,"(12, 5)",7,10.0,-2.50
20250506_211338,60,15.95,"(12, 6)",7,7.0,3.07
20250506_211338,61,10.75,"(13, 0)",6,9.0,-5.20
20250506_211338,62,9.87,"(13, 1)",6,4.0,-0.88
20250506_211338,63,9.07,"(13, 2)",6,6.0,-0.80
20250506_211338,64,12.48,"(13, 4)",6,5.0,3.42
20250506_211338,65,11.92,"(13, 5)",6,6.0,-0.57
20250506_211338,66,11.35,"(13, 6)",6,3.0,-0.57
20250506_211338,67,7.93,"(14, 0)",5,7.0,-3.42
20250506_211338,68,4.68,"(14, 1)",5,9.0,-3.25
20250506_211338,69,6.25,"(14, 2)",5,8.0,1.57
20250506_211338,70,5.62,"(14, 4)",5,6.0,-0.63
20250506_211338,71,8.58,"(14, 5)",5,4.0,2.97
20250506_211338,72,7.10,"(14, 6)",5,10.0,-1.48
20250506_211338,73,1.30,"(15, 0)",4,6.0,-5.80
20250506_211338,74,4.07,"(15, 1)",4,8.0,2.77
20250506_211338,75,1.62,"(15, 2)",4,4.0,-2.45
20250506_211338,76,2.47,"(15, 4)",4,11.0,0.85
20250506_211338,77,3.17,"(15, 5)",4,5.0,0.70
20250506_211338,78,1.38,"(15, 6)",4,6.0,-1.78
20250506_211338,79,0.82,"(16, 0)",3,7.0,-0.57
20250506_211338,80,1.22,"(16, 1)",3,7.0,0.40
20250506_211338,81,0.98,"(16, 2)",3,8.0,-0.23
20250506_211338,82,1.15,"(16, 4)",3,5.0,0.17
20250506_211338,83,0.90,"(16, 5)",3,5.0,-0.25
20250506_211338,84,1.07,"(16, 6)",3,9.0,0.17
20250506_211338,85,0.50,"(17, 0)",2,6.0,-0.57
20250506_211338,86,0.73,"(17, 1)",2,6.0,0.23
20250506_211338,87,0.37,"(17, 2)",2,6.0,-0.37
20250506_211338,88,0.57,"(17, 4)",2,9.0,0.20
20250506_211338,89,0.65,"(17, 5)",2,7.0,0.08
20250506_211338,90,0.43,"(17, 6)",2,10.0,-0.22
20250506_211338,91,0.23,"(18, 0)",1,7.0,-0.20
20250506_211338,92,0.20,"(18, 1)",1,6.0,-0.03
20250506_211338,93,0.13,"(18, 2)",1,9.0,-0.07
20250506_211338,94,0.07,"(18, 4)",1,3.0,-0.07
20250506_211338,95,0.00,"(18, 5)",1,7.0,-0.07
20250506_211338,96,0.30,"(18, 6)",1,8.0,0.00
