trial_id,passenger_id,entry_time_min,seat,group,baggage,interarrival_time_min
20250506_205625,1,39.08,"(6, 0)",4,4.0,0.00
20250506_205625,2,32.47,"(6, 1)",4,7.0,-6.62
20250506_205625,3,31.65,"(6, 2)",4,7.0,-0.82
20250506_205625,4,31.48,"(6, 4)",4,7.0,-0.17
20250506_205625,5,36.72,"(6, 5)",4,3.0,5.23
20250506_205625,6,32.83,"(6, 6)",4,8.0,-3.88
20250506_205625,7,27.08,"(5, 0)",4,7.0,-5.75
20250506_205625,8,32.98,"(5, 1)",4,8.0,5.90
20250506_205625,9,28.90,"(5, 2)",4,9.0,-4.08
20250506_205625,10,33.15,"(5, 4)",4,5.0,4.25
20250506_205625,11,33.63,"(5, 5)",4,6.0,0.48
20250506_205625,12,27.25,"(5, 6)",4,6.0,-6.38
20250506_205625,13,40.28,"(4, 0)",4,6.0,13.03
20250506_205625,14,27.98,"(4, 1)",4,8.0,-12.30
20250506_205625,15,38.42,"(4, 2)",4,6.0,10.43
20250506_205625,16,30.05,"(4, 4)",4,6.0,-8.37
20250506_205625,17,39.23,"(4, 5)",4,7.0,9.18
20250506_205625,18,29.17,"(4, 6)",4,8.0,-10.07
20250506_205625,19,34.88,"(3, 0)",4,6.0,5.72
20250506_205625,20,37.72,"(3, 1)",4,12.0,2.83
20250506_205625,21,33.07,"(3, 2)",4,6.0,-4.65
20250506_205625,22,34.40,"(3, 4)",4,9.0,1.33
20250506_205625,23,30.83,"(3, 5)",4,4.0,-3.57
20250506_205625,24,35.83,"(3, 6)",4,7.0,5.00
20250506_205625,25,21.37,"(10, 0)",3,5.0,-14.47
20250506_205625,26,18.13,"(10, 1)",3,3.0,-3.23
20250506_205625,27,18.07,"(10, 2)",3,7.0,-0.07
20250506_205625,28,24.18,"(10, 4)",3,7.0,6.12
20250506_205625,29,19.57,"(10, 5)",3,7.0,-4.62
20250506_205625,30,19.65,"(10, 6)",3,8.0,0.08
20250506_205625,31,25.08,"(9, 0)",3,8.0,5.43
20250506_205625,32,22.25,"(9, 1)",3,6.0,-2.83
20250506_205625,33,23.13,"(9, 2)",3,8.0,0.88
20250506_205625,34,18.62,"(9, 4)",3,3.0,-4.52
20250506_205625,35,16.62,"(9, 5)",3,6.0,-2.00
20250506_205625,36,16.53,"(9, 6)",3,9.0,-0.08
20250506_205625,37,18.22,"(8, 0)",3,9.0,1.68
20250506_205625,38,17.47,"(8, 1)",3,8.0,-0.75
20250506_205625,39,20.72,"(8, 2)",3,8.0,3.25
20250506_205625,40,27.05,"(8, 4)",3,4.0,6.33
20250506_205625,41,26.33,"(8, 5)",3,8.0,-0.72
20250506_205625,42,23.45,"(8, 6)",3,5.0,-2.88
20250506_205625,43,23.05,"(7, 0)",3,8.0,-0.40
20250506_205625,44,26.13,"(7, 1)",3,9.0,3.08
20250506_205625,45,19.73,"(7, 2)",3,9.0,-6.40
20250506_205625,46,15.70,"(7, 4)",3,11.0,-4.03
20250506_205625,47,21.40,"(7, 5)",3,12.0,5.70
20250506_205625,48,24.27,"(7, 6)",3,10.0,2.87
20250506_205625,49,9.65,"(14, 0)",2,5.0,-14.62
20250506_205625,50,13.40,"(14, 1)",2,3.0,3.75
20250506_205625,51,10.40,"(14, 2)",2,9.0,-3.00
20250506_205625,52,12.73,"(14, 4)",2,4.0,2.33
20250506_205625,53,5.23,"(14, 5)",2,7.0,-7.50
20250506_205625,54,6.82,"(14, 6)",2,8.0,1.58
20250506_205625,55,8.65,"(13, 0)",2,5.0,1.83
20250506_205625,56,11.57,"(13, 1)",2,8.0,2.92
20250506_205625,57,5.07,"(13, 2)",2,7.0,-6.50
20250506_205625,58,14.58,"(13, 4)",2,5.0,9.52
20250506_205625,59,14.47,"(13, 5)",2,5.0,-0.12
20250506_205625,60,7.45,"(13, 6)",2,9.0,-7.02
20250506_205625,61,7.23,"(12, 0)",2,8.0,-0.22
20250506_205625,62,12.98,"(12, 1)",2,4.0,5.75
20250506_205625,63,13.82,"(12, 2)",2,5.0,0.83
20250506_205625,64,10.65,"(12, 4)",2,8.0,-3.17
20250506_205625,65,13.65,"(12, 5)",2,5.0,3.00
20250506_205625,66,7.73,"(12, 6)",2,8.0,-5.92
20250506_205625,67,10.48,"(11, 0)",2,9.0,2.75
20250506_205625,68,5.72,"(11, 1)",2,8.0,-4.77
20250506_205625,69,7.38,"(11, 2)",2,4.0,1.67
20250506_205625,70,4.58,"(11, 4)",2,8.0,-2.80
20250506_205625,71,12.65,"(11, 5)",2,6.0,8.07
20250506_205625,72,5.80,"(11, 6)",2,10.0,-6.85
20250506_205625,73,1.30,"(18, 0)",1,8.0,-4.50
20250506_205625,74,0.97,"(18, 1)",1,6.0,-0.33
20250506_205625,75,0.63,"(18, 2)",1,6.0,-0.33
20250506_205625,76,2.98,"(18, 4)",1,3.0,2.35
20250506_205625,77,0.88,"(18, 5)",1,8.0,-2.10
20250506_205625,78,2.58,"(18, 6)",1,7.0,1.70
20250506_205625,79,3.38,"(17, 0)",1,5.0,0.80
20250506_205625,80,0.80,"(17, 1)",1,6.0,-2.58
20250506_205625,81,1.05,"(17, 2)",1,8.0,0.25
20250506_205625,82,1.38,"(17, 4)",1,9.0,0.33
20250506_205625,83,0.55,"(17, 5)",1,6.0,-0.83
20250506_205625,84,0.40,"(17, 6)",1,5.0,-0.15
20250506_205625,85,3.95,"(16, 0)",1,8.0,3.55
20250506_205625,86,4.50,"(16, 1)",1,10.0,0.55
20250506_205625,87,1.77,"(16, 2)",1,4.0,-2.73
20250506_205625,88,1.12,"(16, 4)",1,8.0,-0.65
20250506_205625,89,0.33,"(16, 5)",1,5.0,-0.78
20250506_205625,90,0.43,"(16, 6)",1,6.0,0.10
20250506_205625,91,0.07,"(15, 0)",1,4.0,-0.37
20250506_205625,92,0.00,"(15, 1)",1,7.0,-0.07
20250506_205625,93,1.18,"(15, 2)",1,4.0,0.00
20250506_205625,94,0.27,"(15, 4)",1,4.0,-0.92
20250506_205625,95,0.17,"(15, 5)",1,9.0,-0.10
20250506_205625,96,2.90,"(15, 6)",1,10.0,2.73
20250506_211430,1,39.50,"(6, 0)",4,2.0,0.00
20250506_211430,2,38.33,"(6, 1)",4,5.0,-1.17
20250506_211430,3,31.55,"(6, 2)",4,5.0,-6.78
20250506_211430,4,42.13,"(6, 4)",4,7.0,10.58
20250506_211430,5,35.83,"(6, 5)",4,6.0,-6.30
20250506_211430,6,37.05,"(6, 6)",4,5.0,1.22
20250506_211430,7,40.23,"(5, 0)",4,6.0,3.18
20250506_211430,8,38.63,"(5, 1)",4,6.0,-1.60
20250506_211430,9,38.37,"(5, 2)",4,13.0,-0.27
20250506_211430,10,30.40,"(5, 4)",4,7.0,-7.97
20250506_211430,11,29.45,"(5, 5)",4,4.0,-0.95
20250506_211430,12,32.35,"(5, 6)",4,5.0,2.90
20250506_211430,13,29.72,"(4, 0)",4,5.0,-2.63
20250506_211430,14,32.93,"(4, 1)",4,7.0,3.22
20250506_211430,15,33.77,"(4, 2)",4,8.0,0.83
20250506_211430,16,30.30,"(4, 4)",4,9.0,-3.47
20250506_211430,17,37.70,"(4, 5)",4,8.0,7.40
20250506_211430,18,37.85,"(4, 6)",4,6.0,0.15
20250506_211430,19,36.48,"(3, 0)",4,4.0,-1.37
20250506_211430,20,40.08,"(3, 1)",4,6.0,3.60
20250506_211430,21,34.42,"(3, 2)",4,6.0,-5.67
20250506_211430,22,35.10,"(3, 4)",4,8.0,0.68
20250506_211430,23,40.32,"(3, 5)",4,6.0,5.22
20250506_211430,24,33.85,"(3, 6)",4,7.0,-6.47
20250506_211430,25,28.72,"(10, 0)",3,6.0,-5.13
20250506_211430,26,25.73,"(10, 1)",3,5.0,-2.98
20250506_211430,27,21.35,"(10, 2)",3,6.0,-4.38
20250506_211430,28,23.17,"(10, 4)",3,10.0,1.82
20250506_211430,29,26.43,"(10, 5)",3,6.0,3.27
20250506_211430,30,18.55,"(10, 6)",3,9.0,-7.88
20250506_211430,31,15.92,"(9, 0)",3,8.0,-2.63
20250506_211430,32,19.98,"(9, 1)",3,8.0,4.07
20250506_211430,33,23.98,"(9, 2)",3,8.0,4.00
20250506_211430,34,22.25,"(9, 4)",3,9.0,-1.73
20250506_211430,35,17.55,"(9, 5)",3,9.0,-4.70
20250506_211430,36,19.48,"(9, 6)",3,8.0,1.93
20250506_211430,37,20.70,"(8, 0)",3,6.0,1.22
20250506_211430,38,17.75,"(8, 1)",3,7.0,-2.95
20250506_211430,39,16.67,"(8, 2)",3,8.0,-1.08
20250506_211430,40,21.52,"(8, 4)",3,3.0,4.85
20250506_211430,41,17.67,"(8, 5)",3,6.0,-3.85
20250506_211430,42,26.77,"(8, 6)",3,4.0,9.10
20250506_211430,43,26.85,"(7, 0)",3,6.0,0.08
20250506_211430,44,24.17,"(7, 1)",3,9.0,-2.68
20250506_211430,45,27.83,"(7, 2)",3,9.0,3.67
20250506_211430,46,19.37,"(7, 4)",3,10.0,-8.47
20250506_211430,47,24.05,"(7, 5)",3,9.0,4.68
20250506_211430,48,26.32,"(7, 6)",3,6.0,2.27
20250506_211430,49,11.82,"(14, 0)",2,6.0,-14.50
20250506_211430,50,5.98,"(14, 1)",2,6.0,-5.83
20250506_211430,51,15.35,"(14, 2)",2,8.0,9.37
20250506_211430,52,7.93,"(14, 4)",2,6.0,-7.42
20250506_211430,53,3.70,"(14, 5)",2,8.0,-4.23
20250506_211430,54,4.53,"(14, 6)",2,9.0,0.83
20250506_211430,55,9.37,"(13, 0)",2,9.0,4.83
20250506_211430,56,10.18,"(13, 1)",2,7.0,0.82
20250506_211430,57,14.33,"(13, 2)",2,8.0,4.15
20250506_211430,58,5.13,"(13, 4)",2,6.0,-9.20
20250506_211430,59,9.12,"(13, 5)",2,5.0,3.98
20250506_211430,60,6.93,"(13, 6)",2,8.0,-2.18
20250506_211430,61,14.45,"(12, 0)",2,9.0,7.52
20250506_211430,62,14.30,"(12, 1)",2,6.0,-0.15
20250506_211430,63,8.05,"(12, 2)",2,10.0,-6.25
20250506_211430,64,8.78,"(12, 4)",2,7.0,0.73
20250506_211430,65,13.50,"(12, 5)",2,4.0,4.72
20250506_211430,66,12.60,"(12, 6)",2,7.0,-0.90
20250506_211430,67,6.78,"(11, 0)",2,7.0,-5.82
20250506_211430,68,7.90,"(11, 1)",2,9.0,1.12
20250506_211430,69,5.10,"(11, 2)",2,8.0,-2.80
20250506_211430,70,12.72,"(11, 4)",2,10.0,7.62
20250506_211430,71,7.48,"(11, 5)",2,7.0,-5.23
20250506_211430,72,10.07,"(11, 6)",2,10.0,2.58
20250506_211430,73,1.35,"(18, 0)",1,9.0,-8.72
20250506_211430,74,2.77,"(18, 1)",1,6.0,1.42
20250506_211430,75,0.75,"(18, 2)",1,7.0,-2.02
20250506_211430,76,3.50,"(18, 4)",1,5.0,2.75
20250506_211430,77,0.43,"(18, 5)",1,8.0,-3.07
20250506_211430,78,0.07,"(18, 6)",1,7.0,-0.37
20250506_211430,79,0.10,"(17, 0)",1,9.0,0.03
20250506_211430,80,1.10,"(17, 1)",1,6.0,1.00
20250506_211430,81,2.57,"(17, 2)",1,8.0,1.47
20250506_211430,82,1.27,"(17, 4)",1,8.0,-1.30
20250506_211430,83,0.27,"(17, 5)",1,8.0,-1.00
20250506_211430,84,0.83,"(17, 6)",1,9.0,0.57
20250506_211430,85,0.98,"(16, 0)",1,5.0,0.15
20250506_211430,86,0.37,"(16, 1)",1,9.0,-0.62
20250506_211430,87,2.68,"(16, 2)",1,10.0,2.32
20250506_211430,88,1.68,"(16, 4)",1,3.0,-1.00
20250506_211430,89,0.50,"(16, 5)",1,13.0,-1.18
20250506_211430,90,0.00,"(16, 6)",1,5.0,-0.50
20250506_211430,91,0.20,"(15, 0)",1,10.0,0.00
20250506_211430,92,0.92,"(15, 1)",1,9.0,0.72
20250506_211430,93,0.17,"(15, 2)",1,4.0,-0.75
20250506_211430,94,1.18,"(15, 4)",1,4.0,1.02
20250506_211430,95,0.67,"(15, 5)",1,7.0,-0.52
20250506_211430,96,0.58,"(15, 6)",1,7.0,-0.08
