trial_id,passenger_id,entry_time_min,seat,group,baggage,interarrival_time_min
20250506_210952,1,23.82,"(3, 0)",1,7.0,0.00
20250506_210952,2,3.27,"(3, 1)",1,3.0,-20.55
20250506_210952,3,4.02,"(3, 2)",1,7.0,0.75
20250506_210952,4,14.63,"(3, 4)",1,8.0,10.62
20250506_210952,5,27.12,"(3, 5)",1,5.0,12.48
20250506_210952,6,23.67,"(3, 6)",1,5.0,-3.45
20250506_210952,7,15.97,"(4, 0)",1,8.0,-7.70
20250506_210952,8,19.37,"(4, 1)",1,9.0,3.40
20250506_210952,9,12.85,"(4, 2)",1,6.0,-6.52
20250506_210952,10,3.35,"(4, 4)",1,7.0,-9.50
20250506_210952,11,5.95,"(4, 5)",1,10.0,2.60
20250506_210952,12,0.00,"(4, 6)",1,3.0,-5.95
20250506_210952,13,8.97,"(5, 0)",1,6.0,0.00
20250506_210952,14,16.82,"(5, 1)",1,5.0,7.85
20250506_210952,15,19.53,"(5, 2)",1,5.0,2.72
20250506_210952,16,9.37,"(5, 4)",1,7.0,-10.17
20250506_210952,17,28.02,"(5, 5)",1,11.0,18.65
20250506_210952,18,28.62,"(5, 6)",1,6.0,0.60
20250506_210952,19,23.00,"(6, 0)",1,5.0,-5.62
20250506_210952,20,2.18,"(6, 1)",1,8.0,-20.82
20250506_210952,21,21.48,"(6, 2)",1,5.0,19.30
20250506_210952,22,16.48,"(6, 4)",1,4.0,-5.00
20250506_210952,23,0.27,"(6, 5)",1,10.0,-16.22
20250506_210952,24,5.87,"(6, 6)",1,7.0,5.60
20250506_210952,25,9.28,"(7, 0)",1,7.0,3.42
20250506_210952,26,0.07,"(7, 1)",1,8.0,-9.22
20250506_210952,27,21.40,"(7, 2)",1,6.0,21.33
20250506_210952,28,0.42,"(7, 4)",1,11.0,-20.98
20250506_210952,29,9.20,"(7, 5)",1,5.0,8.78
20250506_210952,30,3.43,"(7, 6)",1,9.0,-5.77
20250506_210952,31,9.03,"(8, 0)",1,8.0,5.60
20250506_210952,32,16.05,"(8, 1)",1,9.0,7.02
20250506_210952,33,4.63,"(8, 2)",1,7.0,-11.42
20250506_210952,34,20.40,"(8, 4)",1,5.0,15.77
20250506_210952,35,12.95,"(8, 5)",1,4.0,-7.45
20250506_210952,36,14.33,"(8, 6)",1,7.0,1.38
20250506_210952,37,22.37,"(9, 0)",1,5.0,8.03
20250506_210952,38,6.20,"(9, 1)",1,6.0,-16.17
20250506_210952,39,12.05,"(9, 2)",1,6.0,5.85
20250506_210952,40,0.18,"(9, 4)",1,7.0,-11.87
20250506_210952,41,19.45,"(9, 5)",1,4.0,19.27
20250506_210952,42,5.63,"(9, 6)",1,10.0,-13.82
20250506_210952,43,12.92,"(10, 0)",1,5.0,7.28
20250506_210952,44,9.95,"(10, 1)",1,7.0,-2.97
20250506_210952,45,6.87,"(10, 2)",1,2.0,-3.08
20250506_210952,46,27.78,"(10, 4)",1,7.0,20.92
20250506_210952,47,17.73,"(10, 5)",1,6.0,-10.05
20250506_210952,48,18.47,"(10, 6)",1,7.0,0.73
20250506_210952,49,3.60,"(11, 0)",1,9.0,-14.87
20250506_210952,50,3.93,"(11, 1)",1,6.0,0.33
20250506_210952,51,1.30,"(11, 2)",1,7.0,-2.63
20250506_210952,52,28.70,"(11, 4)",1,5.0,27.40
20250506_210952,53,23.50,"(11, 5)",1,4.0,-5.20
20250506_210952,54,16.57,"(11, 6)",1,6.0,-6.93
20250506_210952,55,19.70,"(12, 0)",1,7.0,3.13
20250506_210952,56,18.97,"(12, 1)",1,5.0,-0.73
20250506_210952,57,0.57,"(12, 2)",1,9.0,-18.40
20250506_210952,58,28.53,"(12, 4)",1,7.0,27.97
20250506_210952,59,26.78,"(12, 5)",1,4.0,-1.75
20250506_210952,60,7.92,"(12, 6)",1,5.0,-18.87
20250506_210952,61,18.07,"(13, 0)",1,6.0,10.15
20250506_210952,62,10.07,"(13, 1)",1,7.0,-8.00
20250506_210952,63,14.48,"(13, 2)",1,10.0,4.42
20250506_210952,64,8.90,"(13, 4)",1,6.0,-5.58
20250506_210952,65,4.88,"(13, 5)",1,10.0,-4.02
20250506_210952,66,26.12,"(13, 6)",1,9.0,21.23
20250506_210952,67,0.73,"(14, 0)",1,5.0,-25.38
20250506_210952,68,19.05,"(14, 1)",1,10.0,18.32
20250506_210952,69,14.42,"(14, 2)",1,7.0,-4.63
20250506_210952,70,21.65,"(14, 4)",1,6.0,7.23
20250506_210952,71,22.10,"(14, 5)",1,8.0,0.45
20250506_210952,72,13.75,"(14, 6)",1,9.0,-8.35
20250506_210952,73,6.03,"(15, 0)",1,5.0,-7.72
20250506_210952,74,9.12,"(15, 1)",1,8.0,3.08
20250506_210952,75,14.72,"(15, 2)",1,7.0,5.60
20250506_210952,76,0.35,"(15, 4)",1,11.0,-14.37
20250506_210952,77,23.58,"(15, 5)",1,4.0,23.23
20250506_210952,78,17.90,"(15, 6)",1,5.0,-5.68
20250506_210952,79,0.65,"(16, 0)",1,10.0,-17.25
20250506_210952,80,14.55,"(16, 1)",1,9.0,13.90
20250506_210952,81,15.05,"(16, 2)",1,8.0,0.50
20250506_210952,82,11.38,"(16, 4)",1,8.0,-3.67
20250506_210952,83,4.72,"(16, 5)",1,5.0,-6.67
20250506_210952,84,12.22,"(16, 6)",1,9.0,7.50
20250506_210952,85,2.27,"(17, 0)",1,9.0,-9.95
20250506_210952,86,10.13,"(17, 1)",1,8.0,7.87
20250506_210952,87,22.28,"(17, 2)",1,8.0,12.15
20250506_210952,88,15.22,"(17, 4)",1,8.0,-7.07
20250506_210952,89,10.22,"(17, 5)",1,6.0,-5.00
20250506_210952,90,13.03,"(17, 6)",1,7.0,2.82
20250506_210952,91,2.12,"(18, 0)",1,7.0,-10.92
20250506_210952,92,27.85,"(18, 1)",1,12.0,25.73
20250506_210952,93,5.55,"(18, 2)",1,5.0,-22.30
20250506_210952,94,17.82,"(18, 4)",1,8.0,12.27
20250506_210952,95,22.17,"(18, 5)",1,6.0,4.35
20250506_210952,96,23.75,"(18, 6)",1,6.0,1.58
